0.32649862 416 57 305  
1.41482734 416 57 305  
2.00252509 417 57 305  
2.54668927 416 57 305  
3.09085369 416 57 305  
3.65678453 415 57 305  
4.17918252 414 57 305  
4.72334671 413 57 305  
5.24574470 413 57 305  
5.78990888 412 57 305  
6.29054021 411 57 305  
6.81293821 411 57 305  
7.33533573 410 57 305  
7.85773420 409 57 305  
8.35836505 408 57 305  
8.85899639 408 57 305  
9.35962772 407 57 305  
9.86025905 407 57 305  
10.36088943 406 57 305  
10.86152172 405 57 305  
11.36215209 405 57 305  
11.84101772 404 57 305  
12.34164810 403 57 305  
12.82051372 402 57 305  
13.29937744 402 57 305  
13.80000972 401 57 305  
14.25710678 400 57 305  
14.73597240 399 57 305  
15.21483612 399 57 305  
15.67193412 398 57 305  
16.15079879 397 57 305  
16.60789680 396 57 305  
17.06499481 395 57 305  
17.52209472 393 57 305  
17.97919273 391 57 305  
18.43628883 388 57 305  
18.84985351 383 57 305  
19.28518676 375 57 305  
19.67698478 364 57 305  
20.06878280 349 57 305  
20.39528083 331 57 305  
20.72177886 310 57 305  
21.00474548 287 57 305  
21.26594543 263 57 305  
21.48361015 239 57 305  
21.65774345 216 57 305  
21.81011009 194 57 305  
21.96247482 174 57 305  
22.07130813 156 57 305  
22.15837478 140 57 305  
22.24543952 127 57 305  
22.26720619 115 57 305  
22.26720619 104 57 305  
22.26720619 95 57 305  
22.26720619 88 57 305  
22.26720619 81 57 305  
22.26720619 75 57 305  
22.26720619 70 57 305  
22.26720619 66 57 305  
22.26720619 62 57 305  
22.26720619 59 57 305  
22.26720619 56 57 305  
22.26720619 53 57 305  
22.26720619 51 57 305  
22.26720619 49 57 305  
22.26720619 48 57 305  
22.26720619 46 57 305  
22.26720619 44 57 305  
22.26720619 43 57 305  
22.26720619 42 57 305  
22.26720619 41 57 305  
22.26720619 41 57 305  
22.26720619 39 57 305  
22.26720619 39 57 305  
22.26720619 38 57 305  
22.26720619 37 57 305  
22.26720619 36 57 305  
22.26720619 36 57 305  
22.26720619 35 57 305  
22.26720619 35 57 305  
22.26720619 34 57 305  
22.26720619 34 57 305  
22.26720619 34 57 305  
22.26720619 33 57 305  
22.26720619 33 57 305  
22.26720619 33 57 305  
22.26720619 32 57 305  
22.26720619 32 57 305  
22.26720619 32 57 305  
22.26720619 31 57 305  
22.26720619 31 57 305  
22.26720619 31 57 305  
22.26720619 31 57 305  
22.26720619 30 57 305  
22.26720619 30 57 305  
22.26720619 30 57 305  
22.26720619 30 57 305  
22.26720619 30 57 305  
22.26720619 30 57 305  
22.26720619 29 57 305  
22.26720619 29 57 305  
22.26720619 29 57 305  
22.26720619 29 57 305  
22.26720619 29 57 305  
22.26720619 28 57 305  
22.26720619 29 57 305  
22.26720619 28 57 305  
22.26720619 28 57 305  
22.26720619 28 57 305  
22.26720619 28 57 305  
22.26720619 28 57 305  
22.26720619 28 57 305  
22.26720619 28 57 305  
22.26720619 28 57 305  
22.26720619 28 57 305  
22.26720619 28 57 305  
22.26720619 28 57 305  
22.26720619 28 57 305  
22.26720619 28 57 305  
22.26720619 27 57 305  
22.26720619 27 57 305  
22.26720619 27 57 305  
22.26720619 27 57 305  
22.26720619 27 57 305  
22.26720619 27 57 305  
22.26720619 26 57 305  
22.26720619 27 57 305  
22.26720619 27 57 305  
22.26720619 27 57 305  
22.26720619 27 57 305  
22.26720619 26 57 305  
22.26720619 27 57 305  
22.26720619 26 57 305  
22.26720619 26 57 305  
22.26720619 26 57 305  
22.26720619 26 57 305  
22.26720619 26 57 305  
22.26720619 26 57 305  
22.26720619 26 57 305  
22.26720619 26 57 305  
22.26720619 26 57 305  
22.26720619 26 57 305  
22.26720619 26 57 305  
22.26720619 25 57 305  
22.26720619 26 57 305  
22.26720619 26 57 305  
22.26720619 25 57 305  
22.26720619 25 57 305  
22.26720619 25 57 305  
22.26720619 25 57 305  
22.26720619 25 57 305  
22.26720619 25 57 305  
22.26720619 25 57 305  
22.26720619 25 57 305  
22.26720619 25 57 305  
22.26720619 25 57 305  
22.26720619 25 57 305  
22.26720619 25 57 305  
22.26720619 25 57 305  
22.26720619 25 57 305  
22.26720619 24 57 305  
22.26720619 24 57 305  
22.26720619 24 57 305  
22.26720619 24 57 305  
22.26720619 24 57 305  
22.26720619 24 57 305  
22.26720619 24 57 305  
22.26720619 24 57 305  
22.26720619 24 57 305
22.26720619 24 57 305  
22.26720619 24 57 305  
22.26720619 23 57 305  
22.26720619 24 57 305  
22.26720619 24 57 305  
22.26720619 24 57 305  
22.26720619 24 57 305  
22.26720619 23 57 305  
22.26720619 23 57 305  
22.26720619 23 57 305  
22.26720619 23 57 305  
22.26720619 23 57 305  
22.26720619 23 57 305  
22.26720619 23 57 305  
22.26720619 23 57 305  
22.26720619 23 57 305  
22.26720619 23 57 305  
22.26720619 23 57 305  
22.26720619 22 57 305  
22.26720619 23 57 305  
22.26720619 23 57 305  
22.26720619 23 57 305  
22.26720619 22 57 305  
22.26720619 22 57 305  
22.26720619 22 57 305  
22.26720619 22 57 305  
22.26720619 22 57 305  
22.26720619 22 57 305  
22.26720619 22 57 305  
22.26720619 22 57 305