1.38514577 70 82 614  
2.17665767 69 82 614  
3.00774502 69 82 614  
3.75968122 69 82 614  
4.55119323 68 82 614  
5.30312919 68 82 614  
6.05506563 68 82 614  
6.80700159 68 82 614  
7.55893802 68 82 614  
8.27129840 68 82 614  
8.98365974 68 82 614  
9.69602012 68 82 614  
10.40838050 68 82 614  
11.12074184 67 82 614  
11.79352664 67 82 614  
12.50588703 67 82 614  
13.17867183 67 82 614  
13.81188201 67 82 614  
14.48466682 67 82 614  
15.15745162 67 82 614  
15.79066181 67 82 614  
16.42387008 66 82 614  
17.01750373 66 82 614  
17.57156372 66 82 614  
18.12562179 67 82 614  
18.60052871 66 82 614  
19.07543563 66 82 614  
19.55034255 66 82 614  
19.94609832 66 82 614  
20.38142967 66 82 614  
20.77718544 66 82 614  
21.17294120 66 82 614  
21.56869888 66 82 614  
21.92487907 66 82 614  
22.28105926 65 82 614  
22.67681312 66 82 614  
23.03299331 65 82 614  
23.38917541 65 82 614  
23.70578002 65 82 614  
24.06196022 65 82 614  
24.41814041 65 82 614  
24.73474502 65 82 614  
25.09092521 65 82 614  
25.40753173 64 82 614  
25.72413635 65 82 614  
26.08031463 65 82 614  
26.39691925 64 82 614  
26.71352386 64 82 614  
27.03012847 65 82 614  
27.30715751 64 82 614  
27.66333961 64 82 614  
27.97994422 64 82 614  
28.25697326 63 82 614  
28.57357788 63 82 614  
28.85060691 63 82 614  
29.16721153 63 82 614  
29.44424247 62 82 614  
29.72126960 61 82 614  
29.99829864 60 82 614  
30.23575210 58 82 614  
30.47320556 55 82 614  
30.67108345 53 82 614  
30.90853691 50 82 614  
31.06683921 47 82 614  
31.22514152 44 82 614  
31.38344573 42 82 614  
31.46259689 40 82 614  
31.58132362 37 82 614  
31.66047477 35 82 614  
31.77920150 33 82 614  
31.81877708 32 82 614  
31.89792823 30 82 614  
31.89792823 29 82 614  
31.93750381 28 82 614  
31.97707939 27 82 614  
32.01665496 26 82 614  
32.01665496 26 82 614  
32.05622863 25 82 614  
32.05622863 25 82 614  
32.05622863 24 82 614  
32.09580612 24 82 614  
32.09580612 23 82 614  
32.09580612 23 82 614  
32.09580612 23 82 614  
32.13537979 23 82 614  
32.13537979 22 82 614  
32.13537979 22 82 614  
32.17495727 22 82 614  
32.17495727 22 82 614  
32.17495727 21 82 614  
32.17495727 21 82 614  
32.17495727 20 82 614  
32.17495727 21 82 614  
32.21453094 20 82 614  
32.21453094 20 82 614  
32.21453094 19 82 614  
32.21453094 20 82 614  
32.21453094 19 82 614  
32.21453094 19 82 614  
32.21453094 19 82 614  
32.25410842 19 82 614  
32.25410842 19 82 614  
32.25410842 19 82 614  
32.25410842 18 82 614  
32.25410842 18 82 614  
32.25410842 18 82 614  
32.29368209 18 82 614  
32.29368209 17 82 614  
32.29368209 17 82 614  
32.29368209 17 82 614  
32.29368209 17 82 614  
32.29368209 17 82 614  
32.29368209 17 82 614  
32.29368209 17 82 614  
32.33325958 16 82 614  
32.29368209 16 82 614  
32.33325958 17 82 614  
32.33325958 16 82 614  
32.33325958 16 82 614  
32.33325958 16 82 614  
32.33325958 16 82 614  
32.33325958 16 82 614  
32.33325958 16 82 614  
32.33325958 15 82 614  
32.33325958 15 82 614  
32.33325958 16 82 614  
32.33325958 15 82 614  
32.33325958 15 82 614  
32.33325958 15 82 614  
32.33325958 15 82 614  
32.37283325 15 82 614  
32.33325958 15 82 614  
32.37283325 15 82 614  
32.37283325 15 82 614  
32.37283325 14 82 614  
32.37283325 15 82 614  
32.37283325 15 82 614  
32.37283325 14 82 614  
32.37283325 15 82 614  
32.37283325 15 82 614  
32.37283325 14 82 614  
32.37283325 14 82 614  
32.37283325 14 82 614  
32.37283325 14 82 614  
32.37283325 14 82 614  
32.37283325 14 82 614  
32.37283325 14 82 614  
32.37283325 14 82 614  
32.37283325 14 82 614  
32.37283325 14 82 614  
32.37283325 14 82 614  
32.41241073 14 82 614  
32.41241073 14 82 614  
32.37283325 14 82 614  
32.41241073 14 82 614  
32.41241073 14 82 614  
32.41241073 14 82 614  
32.41241073 14 82 614  
32.41241073 14 82 614  
32.37283325 14 82 614  
32.41241073 14 82 614  
32.37283325 14 82 614  
32.41241073 14 82 614  
32.41241073 14 82 614  
32.41241073 13 82 614  
32.41241073 14 82 614  
32.41241073 13 82 614  
32.41241073 13 82 614  
32.37283325 13 82 614  
32.41241073 14 82 614  
32.41241073 14 82 614