0.00000000 0 40  
0.00000000 0 40  
0.45709805 20 40  
1.02302908 21 40  
1.56719341 21 40  
2.08959126 21 40  
2.63375568 21 40  
3.15615344 21 40  
3.65678453 21 40  
4.17918252 21 40  
4.67981386 21 40  
5.20221138 21 40  
5.70284271 21 40  
6.20347404 21 40  
6.70410537 21 40  
7.18297004 21 40  
7.68360137 21 40  
8.18423271 21 40  
8.66309738 21 40  
9.14196205 21 40  
9.62082672 21 40  
10.09969139 21 40  
10.57855510 21 40  
11.03565406 21 40  
11.51451778 21 40  
11.99338340 21 40  
12.45048141 21 40  
12.90757942 21 40  
13.36467742 21 40  
13.82177639 21 40  
14.27887344 21 40  
14.73597240 20 40  
15.19306945 21 40  
15.62840080 21 40  
16.08549880 21 40  
16.52083015 20 40  
16.95616149 21 40  
17.39149475 20 40  
17.80505943 20 40  
18.21862411 20 40  
18.63218879 20 40  
19.00222015 19 40  
19.37225341 19 40  
19.72051811 18 40  
20.04701614 17 40  
20.32998085 16 40  
20.59118080 15 40  
20.83061218 14 40  
21.02651214 13 40  
21.20064353 12 40  
21.35301208 11 40  
21.50537681 10 40  
21.63597679 9 40  
21.74481010 8 40  
21.85364341 7 40  
21.94070816 6 40  
22.00600814 6 40  
22.09307479 5 40  
22.15837478 4 40  
22.20190811 4 40  
22.24543952 3 40  
22.26720619 2 40  
22.26720619 2 40  
22.26720619 2 40  
22.26720619 2 40  
22.26720619 1 40  
22.26720619 1 40  
22.26720619 1 40  
22.26720619 1 40  
22.26720619 0 40  
22.26720619 0 40  
22.26720619 0 40  
22.26720619 0 40  
22.26720619 0 40  
22.26720619 0 40  
22.26720619 0 40  
22.26720619 0 40  
22.26720619 0 40  
22.26720619 0 40  
22.26720619 0 40  
22.26720619 0 40  
22.26720619 0 40  
22.26720619 0 40  
22.26720619 0 40  
22.26720619 0 40  
22.26720619 0 40  
22.26720619 0 40  
22.26720619 0 40  
22.26720619 0 40  
22.26720619 0 40  
22.26720619 0 40  
22.26720619 0 40  
22.26720619 0 40  
22.26720619 0 40  
22.26720619 0 40  
22.26720619 0 40  
22.26720619 0 40  
22.26720619 0 40  
22.26720619 0 40  
22.26720619 0 40  
22.26720619 0 40  
22.26720619 0 40  
22.26720619 0 40  
22.26720619 0 40  
22.26720619 0 40  
22.26720619 0 40  
22.26720619 0 40  
22.26720619 0 40  
22.26720619 0 40  
22.26720619 0 40  
22.26720619 0 40  
22.26720619 0 40  
22.26720619 0 40  
22.26720619 0 40  
22.26720619 0 40  
22.26720619 0 40  
22.26720619 0 40  
22.26720619 0 40  
22.26720619 0 40  
22.26720619 0 40  
22.26720619 0 40  
22.26720619 0 40  
22.26720619 0 40  
22.26720619 0 40  
22.26720619 0 40  
22.26720619 0 40  
22.26720619 0 40  
22.26720619 0 40  
22.26720619 0 40  
22.26720619 0 40  
22.26720619 0 40  
22.26720619 0 40  
22.26720619 0 40  
22.26720619 0 40  
22.26720619 0 40  
22.26720619 0 40  
22.26720619 0 40  
22.26720619 0 40  
22.26720619 0 40  
22.26720619 0 40  
22.26720619 0 40  
22.26720619 0 40  
22.26720619 0 40  
22.26720619 0 40  
22.26720619 0 40  
22.26720619 0 40  
22.26720619 0 40  
22.26720619 0 40  
22.26720619 0 40  
22.26720619 0 40  
22.26720619 0 40  
22.26720619 0 40  
22.26720619 0 40  
22.26720619 0 40  
22.26720619 0 40  
22.26720619 0 40  
22.26720619 0 40  
22.26720619 0 40  
22.26720619 0 40  
22.26720619 0 40  
22.26720619 0 40  
22.26720619 0 40  
22.26720619 0 40  
22.26720619 0 40  
22.26720619 0 40  
22.26720619 0 40  
22.26720619 0 40  
22.26720619 0 40  
22.26720619 0 40  
22.26720619 0 40  
22.26720619 0 40  
22.26720619 0 40  
22.26720619 0 40  
22.26720619 0 40  
22.26720619 0 40  
22.26720619 0 40  
22.26720619 0 40  
22.26720619 0 40  
22.26720619 0 40  
22.26720619 0 40  
22.26720619 0 40  
22.26720619 0 40  
22.26720619 0 40  
22.26720619 0 40  
22.26720619 0 40  
22.26720619 0 40  
22.26720619 0 40  
22.26720619 0 40  
22.26720619 0 40  
22.26720619 0 40  
22.26720619 0 40  
22.26720619 0 40  
22.26720619 0 40  
22.26720619 0 40  
22.26720619 0 40  
22.26720619 0 40  
22.26720619 0 40  
22.26720619 0 40  
22.26720619 0 40  
22.26720619 0 40