  2.20139241 56 
 2.57241344 56 
 2.94343471 56 
 3.31445574 56 
 3.66074228 56 
 4.03176355 56 
 4.37804985 56 
 4.74907112 56 
 5.09535741 56 
 5.44164419 56 
 5.81266498 56 
 6.15895128 55 
 6.50523805 56 
 6.85152482 56 
 7.19781064 56 
 7.51936244 55 
 7.86564922 55 
 8.18720054 55 
 8.53348636 56 
 8.87977409 55 
 9.22605991 56 
 9.54761123 56 
 9.86916351 55 
 10.21544933 56 
 10.53700065 55 
 10.88328838 56 
 11.20483970 55 
 11.52639102 55 
 11.87267780 55 
 12.16949462 56 
 12.49104595 55 
 12.81259822 55 
 13.13414955 55 
 13.45570087 55 
 13.77725315 55 
 14.07406997 55 
 14.39562129 55 
 14.71717357 55 
 15.01399040 56 
 15.33554172 55 
 15.63235855 55 
 15.95391082 55 
 16.25072860 55 
 16.54754447 55 
 16.86909484 55 
 17.16591262 55 
 17.46273040 55 
 17.75954818 55 
 18.05636405 55 
 18.35317993 55 
 18.62526321 55 
 18.92208099 54 
 19.19416046 55 
 19.46624374 55 
 19.73832702 54 
 19.98567390 55 
 20.25775718 54 
 20.48036956 55 
 20.72771644 54 
 20.95032882 54 
 21.17294120 54 
 21.39555358 53 
 21.59343147 53 
 21.79130935 53 
 21.98918724 53 
 22.16233253 52 
 22.36021041 52 
 22.53335380 51 
 22.68176269 51 
 22.85490417 50 
 23.00331306 49 
 23.12698745 49 
 23.27539443 49 
 23.39907073 48 
 23.52274322 47 
 23.62168121 46 
 23.74535560 46 
 23.84429550 45 
 23.94323348 44 
 24.04217338 43 
 24.11637496 42 
 24.19058036 42 
 24.26478385 41 
 24.33898925 40 
 24.41319465 39 
 24.46266365 39 
 24.53686714 38 
 24.58633613 37 
 24.63580513 37 
 24.68527603 36 
 24.73474502 35 
 24.75947952 35 
 24.78421401 34 
 24.83368301 34 
 24.85841941 33 
 24.90788841 32 
 24.90788841 32 
 24.93262290 32 
 24.98209190 31 
 25.00682830 31 
 25.00682830 31 
 25.03156089 30 
 25.05629730 29 
 25.08103179 30 
 25.10576629 29 
 25.13050079 29 
 25.13050079 28 
 25.15523529 28 
 25.17996978 28 
 25.17996978 28 
 25.20470619 27 
 25.22943878 27 
 25.22943878 27 
 25.22943878 26 
 25.25417518 26 
 25.27890777 25 
 25.27890777 25 
 25.27890777 25 
 25.30364418 25 
 25.30364418 25 
 25.30364418 24 
 25.30364418 24 
 25.30364418 24 
 25.30364418 23 
 25.30364418 23 
 25.30364418 23 
 25.30364418 23 
 25.30364418 22 
 25.30364418 22 
 25.30364418 22 
 25.30364418 22 
 25.30364418 22 
 25.30364418 21 
 25.30364418 21 
 25.30364418 21 
 25.30364418 21 
 25.30364418 20 
 25.30364418 20 
 25.30364418 20 
 25.30364418 20 
 25.30364418 19 
 25.30364418 20 
 25.30364418 19 
 25.30364418 19 
 25.30364418 19 
 25.30364418 20 
 25.30364418 19 
 25.30364418 19 
 25.30364418 19 
 25.30364418 18 
 25.30364418 18 
 25.30364418 18 
 25.30364418 18 
 25.30364418 18 
 25.30364418 18 
 25.30364418 17 
 25.30364418 18 
 25.30364418 18 
 25.30364418 18 
 25.30364418 17 
 25.30364418 17 
 25.30364418 17 
 25.30364418 17 
 25.30364418 17 
 25.30364418 17 
 25.30364418 17 
 25.30364418 16 
 25.30364418 17 
 25.30364418 16 
 25.30364418 16 
 25.30364418 16 
 25.30364418 16 
 25.30364418 16 
 25.30364418 16 
 25.30364418 16 
 25.30364418 16 
 25.30364418 16 
 25.30364418 16 
 25.30364418 15 
 25.30364418 16 
 25.30364418 15 
 25.30364418 16 
 25.30364418 16 
 25.30364418 15 
 25.30364418 15 
 25.30364418 15 
 25.30364418 15 
 25.30364418 15 
 25.30364418 15 
 25.30364418 15 
 25.30364418 15 
 25.30364418 15 
 25.30364418 15 
 25.30364418 15 
 25.30364418 15