0.56593093 484 36 447  
0.93596277 486 36 447  
1.30599451 488 36 447  
1.65425977 488 36 447  
1.98075847 488 36 447  
2.32902359 488 36 447  
2.67728900 487 36 447  
3.00378751 487 36 447  
3.35205268 487 36 447  
3.67855143 486 36 447  
4.00505018 486 36 447  
4.33154869 485 36 447  
4.65804719 484 36 447  
4.98454570 484 36 447  
5.31104421 483 36 447  
5.61577653 483 36 447  
5.94227552 482 36 447  
6.26877355 482 36 447  
6.57350587 481 36 447  
6.90000486 481 36 447  
7.20473623 481 36 447  
7.53123521 480 36 447  
7.83596706 480 36 447  
8.14069938 479 36 447  
8.44543075 479 36 447  
8.75016403 478 36 447  
9.05489540 477 36 447  
9.35962772 477 36 447  
9.66436004 476 36 447  
9.96909141 476 36 447  
10.27382373 475 36 447  
10.55678844 475 36 447  
10.86152172 474 36 447  
11.16625308 474 36 447  
11.44921875 473 36 447  
11.75395107 473 36 447  
12.03691673 472 36 447  
12.31988143 471 36 447  
12.62461376 471 36 447  
12.88581275 471 36 447  
13.19054508 470 36 447  
13.47350978 470 36 447  
13.75647640 469 36 447  
14.03944110 469 36 447  
14.30064010 468 36 447  
14.60537147 467 36 447  
14.86657142 467 36 447  
15.14953708 467 36 447  
15.41073513 466 36 447  
15.69370174 466 36 447  
15.95490074 465 36 447  
16.21609878 465 36 447  
16.47729682 464 36 447  
16.71673011 464 36 447  
16.97792816 463 36 447  
17.21736145 462 36 447  
17.45679473 460 36 447  
17.67445945 458 36 447  
17.89212608 455 36 447  
18.08802413 451 36 447  
18.30569076 448 36 447  
18.50158882 444 36 447  
18.69748878 439 36 447  
18.84985351 434 36 447  
19.04575347 428 36 447  
19.19811820 422 36 447  
19.37225341 415 36 447  
19.52462005 408 36 447  
19.65521812 401 36 447  
19.78581809 394 36 447  
19.91641807 386 36 447  
20.06878280 377 36 447  
20.17761611 368 36 447  
20.28644943 359 36 447  
20.39528083 350 36 447  
20.50411415 341 36 447  
20.59118080 331 36 447  
20.70001220 322 36 447  
20.78707885 313 36 447  
20.85237884 303 36 447  
20.93944549 294 36 447  
21.02651214 285 36 447  
21.09181022 276 36 447  
21.15711021 268 36 447  
21.22241020 259 36 447  
21.28771209 250 36 447  
21.33124542 242 36 447  
21.37477874 234 36 447  
21.44007873 226 36 447  
21.48361015 219 36 447  
21.52714347 212 36 447  
21.57067680 205 36 447  
21.61421012 198 36 447  
21.63597679 192 36 447  
21.67951011 186 36 447  
21.72304344 180 36 447  
21.74481010 174 36 447  
21.76657676 169 36 447  
21.78834342 164 36 447  
21.83187675 159 36 447  
21.83187675 155 36 447  
21.87540817 151 36 447  
21.89717483 147 36 447  
21.91894149 143 36 447  
21.91894149 139 36 447  
21.94070816 136 36 447  
21.96247482 133 36 447  
21.98424148 130 36 447  
21.98424148 128 36 447  
22.00600814 125 36 447  
22.00600814 123 36 447  
22.02777481 120 36 447  
22.02777481 118 36 447  
22.02777481 116 36 447  
22.04954147 114 36 447  
22.07130813 112 36 447  
22.07130813 111 36 447  
22.07130813 109 36 447  
22.07130813 108 36 447  
22.09307479 106 36 447  
22.09307479 105 36 447  
22.09307479 103 36 447  
22.11484146 103 36 447  
22.11484146 101 36 447  
22.11484146 100 36 447  
22.13660812 99 36 447  
22.13660812 98 36 447  
22.13660812 97 36 447  
22.13660812 96 36 447  
22.15837478 95 36 447  
22.15837478 95 36 447  
22.15837478 94 36 447  
22.15837478 93 36 447  
22.15837478 92 36 447  
22.15837478 92 36 447  
22.18014144 90 36 447  
22.18014144 90 36 447  
22.18014144 89 36 447  
22.18014144 88 36 447  
22.18014144 88 36 447  
22.18014144 86 36 447  
22.18014144 87 36 447  
22.20190811 85 36 447  
22.20190811 85 36 447  
22.20190811 84 36 447  
22.20190811 83 36 447  
22.20190811 83 36 447  
22.20190811 82 36 447  
22.22367477 81 36 447  
22.22367477 81 36 447  
22.22367477 80 36 447  
22.22367477 79 36 447  
22.22367477 79 36 447  
22.22367477 78 36 447  
22.22367477 77 36 447  
22.22367477 77 36 447  
22.22367477 76 36 447  
22.24543952 76 36 447  
22.24543952 75 36 447  
22.24543952 74 36 447  
22.24543952 74 36 447  
22.24543952 73 36 447  
22.24543952 73 36 447  
22.24543952 72 36 447  
22.24543952 72 36 447  
22.26720619 71 36 447
