1.43659400 510 36 480  
1.78485918 510 36 480  
2.15489101 509 36 480  
2.50315618 509 36 480  
2.87318801 509 36 480  
3.19968676 508 36 480  
3.54795193 508 36 480  
3.89621686 507 36 480  
4.24448204 507 36 480  
4.57098102 506 36 480  
4.91924619 506 36 480  
5.26751136 505 36 480  
5.59400987 504 36 480  
5.94227552 504 36 480  
6.26877355 504 36 480  
6.59527254 503 36 480  
6.92177104 502 36 480  
7.24826955 502 36 480  
7.57476854 501 36 480  
7.90126705 501 36 480  
8.22776508 500 36 480  
8.55426406 500 36 480  
8.88076305 499 36 480  
9.18549537 498 36 480  
9.51199340 498 36 480  
9.83849239 497 36 480  
10.14322471 496 36 480  
10.44795608 496 36 480  
10.77445507 495 36 480  
11.07918739 494 36 480  
11.40568542 493 36 480  
11.68865203 493 36 480  
12.01515007 492 36 480  
12.31988143 492 36 480  
12.62461376 491 36 480  
12.92934608 490 36 480  
13.21231174 490 36 480  
13.51704311 490 36 480  
13.82177639 489 36 480  
14.12650775 489 36 480  
14.43123912 488 36 480  
14.71420574 488 36 480  
15.01893711 487 36 480  
15.32366943 486 36 480  
15.60663414 486 36 480  
15.91136741 486 36 480  
16.19433212 485 36 480  
16.49906349 485 36 480  
16.78203010 484 36 480  
17.06499481 483 36 480  
17.34796142 483 36 480  
17.63092613 482 36 480  
17.91389274 482 36 480  
18.19685745 481 36 480  
18.47982215 481 36 480  
18.76278686 480 36 480  
19.04575347 478 36 480  
19.30695343 473 36 480  
19.56815147 465 36 480  
19.82935142 455 36 480  
20.04701614 443 36 480  
20.28644943 428 36 480  
20.48234748 412 36 480  
20.67824745 395 36 480  
20.85237884 377 36 480  
21.02651214 359 36 480  
21.17887687 340 36 480  
21.30947875 322 36 480  
21.41831207 304 36 480  
21.52714347 287 36 480  
21.63597679 271 36 480  
21.72304344 255 36 480  
21.81011009 241 36 480  
21.87540817 227 36 480  
21.94070816 215 36 480  
21.98424148 203 36 480  
22.04954147 192 36 480  
22.09307479 182 36 480  
22.13660812 172 36 480  
22.18014144 164 36 480  
22.22367477 155 36 480  
22.24543952 148 36 480  
22.26720619 141 36 480  
22.26720619 134 36 480  
22.26720619 129 36 480  
22.26720619 123 36 480  
22.26720619 118 36 480  
22.26720619 113 36 480  
22.26720619 109 36 480  
22.26720619 105 36 480  
22.26720619 101 36 480  
22.26720619 97 36 480  
22.26720619 94 36 480  
22.26720619 91 36 480  
22.26720619 88 36 480  
22.26720619 86 36 480  
22.26720619 83 36 480  
22.26720619 81 36 480  
22.26720619 79 36 480  
22.26720619 77 36 480  
22.26720619 75 36 480  
22.26720619 74 36 480  
22.26720619 72 36 480  
22.26720619 71 36 480  
22.26720619 69 36 480  
22.26720619 68 36 480  
22.26720619 67 36 480  
22.26720619 66 36 480  
22.26720619 65 36 480  
22.26720619 64 36 480  
22.26720619 63 36 480  
22.26720619 63 36 480  
22.26720619 62 36 480  
22.26720619 62 36 480  
22.26720619 61 36 480  
22.26720619 61 36 480  
22.26720619 60 36 480  
22.26720619 60 36 480  
22.26720619 59 36 480  
22.26720619 59 36 480  
22.26720619 58 36 480  
22.26720619 58 36 480  
22.26720619 58 36 480  
22.26720619 58 36 480  
22.26720619 58 36 480  
22.26720619 57 36 480  
22.26720619 57 36 480  
22.26720619 57 36 480  
22.26720619 57 36 480  
22.26720619 56 36 480  
22.26720619 56 36 480  
22.26720619 56 36 480  
22.26720619 56 36 480  
22.26720619 55 36 480  
22.26720619 55 36 480  
22.26720619 55 36 480  
22.26720619 55 36 480  
22.26720619 55 36 480  
22.26720619 54 36 480  
22.26720619 54 36 480  
22.26720619 54 36 480  
22.26720619 54 36 480  
22.26720619 54 36 480  
22.26720619 54 36 480  
22.26720619 53 36 480  
22.26720619 53 36 480  
22.26720619 53 36 480  
22.26720619 53 36 480  
22.26720619 53 36 480  
22.26720619 52 36 480  
22.26720619 52 36 480  
22.26720619 52 36 480  
22.26720619 52 36 480  
22.26720619 51 36 480  
22.26720619 51 36 480  
22.26720619 51 36 480  
22.26720619 51 36 480  
22.26720619 50 36 480  
22.26720619 51 36 480  
22.26720619 50 36 480  
22.26720619 50 36 480  
22.26720619 50 36 480  
22.26720619 49 36 480  
22.26720619 49 36 480
22.26720619 49 36 480  
22.26720619 49 36 480  
22.26720619 49 36 480  
22.26720619 48 36 480  
22.26720619 48 36 480  
22.26720619 48 36 480  
22.26720619 48 36 480  
22.26720619 47 36 480  
22.26720619 47 36 480  
22.26720619 47 36 480  
22.26720619 47 36 480  
22.26720619 47 36 480  
22.26720619 46 36 480  
22.26720619 46 36 480  
22.26720619 46 36 480  
22.26720619 45 36 480  
22.26720619 45 36 480  
22.26720619 45 36 480  
22.26720619 45 36 480  
22.26720619 45 36 480  
22.26720619 44 36 480  
22.26720619 44 36 480  
22.26720619 44 36 480  
22.26720619 44 36 480  
22.26720619 43 36 480  
22.26720619 43 36 480  
22.26720619 43 36 480  
22.26720619 43 36 480  
22.26720619 42 36 480  
22.26720619 42 36 480  
22.26720619 42 36 480  
22.26720619 42 36 480