0.19589918 670   
1.52366027 671   
2.02429151 672   
2.48138976 673   
2.96025447 672   
3.41735243 671   
3.89621686 671   
4.35331535 670   
4.83218002 670   
5.26751136 669   
5.72460937 668   
6.18170738 668   
6.61703920 667   
7.07413721 666   
7.50946855 665   
7.96656703 665   
8.40189838 664   
8.83722972 663   
9.27256107 662   
9.70789337 662   
10.14322471 661   
10.55678844 660   
10.99212074 660   
11.40568542 659   
11.84101772 658   
12.25458240 657   
12.66814804 657   
13.08171176 656   
13.51704311 655   
13.90884208 655   
14.34417343 654   
14.73597240 654   
15.14953708 653   
15.56310176 652   
15.95490074 651   
16.36846542 650   
16.76026344 650   
17.17382812 649   
17.56562805 648   
17.95742607 646   
18.34922409 642   
18.71925544 635   
19.08928680 624   
19.43755340 611   
19.76405143 594   
20.09054946 574   
20.39528083 551   
20.65648078 525   
20.91767883 497   
21.15711021 468   
21.35301208 438   
21.52714347 408   
21.70127677 379   
21.85364341 351   
21.98424148 325   
22.09307479 300   
22.20190811 277   
22.26720619 256   
22.26720619 237   
22.26720619 220   
22.26720619 204   
22.26720619 189   
22.26720619 177   
22.26720619 165   
22.26720619 155   
22.26720619 145   
22.26720619 137   
22.26720619 129   
22.26720619 122   
22.26720619 116   
22.26720619 110   
22.26720619 105   
22.26720619 100   
22.26720619 95   
22.26720619 92   
22.26720619 88   
22.26720619 85   
22.26720619 82   
22.26720619 79   
22.26720619 76   
22.26720619 74   
22.26720619 71   
22.26720619 69   
22.26720619 67   
22.26720619 65   
22.26720619 64   
22.26720619 62   
22.26720619 61   
22.26720619 59   
22.26720619 58   
22.26720619 57   
22.26720619 56   
22.26720619 55   
22.26720619 53   
22.26720619 53   
22.26720619 52   
22.26720619 51   
22.26720619 50   
22.26720619 49   
22.26720619 49   
22.26720619 48   
22.26720619 47   
22.26720619 47   
22.26720619 46   
22.26720619 46   
22.26720619 45   
22.26720619 44   
22.26720619 44   
22.26720619 44   
22.26720619 43   
22.26720619 43   
22.26720619 42   
22.26720619 42   
22.26720619 42   
22.26720619 41   
22.26720619 41   
22.26720619 41   
22.26720619 40   
22.26720619 40   
22.26720619 40   
22.26720619 40   
22.26720619 40   
22.26720619 39   
22.26720619 39   
22.26720619 38   
22.26720619 38   
22.26720619 38   
22.26720619 38   
22.26720619 38   
22.26720619 38   
22.26720619 37   
22.26720619 37   
22.26720619 37   
22.26720619 37   
22.26720619 37   
22.26720619 36   
22.26720619 36   
22.26720619 36   
22.26720619 36   
22.26720619 36   
22.26720619 36   
22.26720619 36   
22.26720619 36   
22.26720619 36   
22.26720619 35   
22.26720619 35   
22.26720619 35   
22.26720619 35   
22.26720619 35   
22.26720619 35   
22.26720619 35   
22.26720619 35   
22.26720619 35   
22.26720619 35   
22.26720619 34   
22.26720619 35   
22.26720619 34   
22.26720619 34   
22.26720619 35   
22.26720619 34   
22.26720619 34   
22.26720619 34   
22.26720619 34   
22.26720619 34   
22.26720619 34   
22.26720619 34   
22.26720619 34   
22.26720619 34   
22.26720619 33   
22.26720619 34   
22.26720619 33   
22.26720619 33   
22.26720619 33   
22.26720619 33   
22.26720619 33   
22.26720619 33   
22.26720619 33   
22.26720619 33   
22.26720619 32   
22.26720619 33   
22.26720619 32   
22.26720619 32   
22.26720619 32   
22.26720619 32   
22.26720619 32   
22.26720619 32   
22.26720619 32   
22.26720619 32   
22.26720619 32   
22.26720619 32   
22.26720619 32   
22.26720619 32   
22.26720619 31   
22.26720619 32   
22.26720619 31   
22.26720619 31   
22.26720619 31   
22.26720619 31