0.02473475 0.02 0.07 
0.09893899 0.17 0.08 
3.68547725 5.50 0.35 
4.37804985 1.59 0.41 
5.51584815 1.59 0.47 
6.60417699 1.54 0.52 
7.66777086 1.49 0.57 
8.73136520 1.54 0.62 
9.77022457 1.54 0.66 
10.80908393 1.54 0.71 
11.82320880 1.54 0.75 
12.81259822 1.59 0.79 
13.80198860 1.59 0.83 
14.76664352 1.54 0.87 
15.78076744 1.54 0.90 
16.30019760 0.37 0.87 
16.32493209 0.12 0.84 
16.37440109 0.07 0.80 
16.34966659 0.02 0.76 
16.37440109 0.07 0.72 
16.37440109 0.07 0.69 
16.37440109 0.07 0.66 
16.37440109 0.02 0.63 
16.34966659 0.02 0.60 
16.34966659 0.02 0.57 
16.37440109 0.02 0.54 
16.37440109 0.02 0.52 
16.37440109 0.02 0.49 
16.37440109 0.02 0.47 
16.34966659 0.02 0.45 
16.34966659 0.02 0.43 
16.34966659 0.02 0.41 
16.34966659 0.07 0.39 
16.34966659 0.02 0.37 
16.37440109 0.07 0.36 
16.39913749 0.02 0.34 
16.39913749 0.02 0.32 
16.39913749 0.02 0.31 
16.39913749 0.02 0.29 
16.39913749 0.02 0.28 
16.37440109 0.02 0.27 
16.37440109 0.02 0.26 
16.39913749 0.02 0.24 
16.37440109 0.07 0.24 
16.39913749 0.02 0.23 
16.39913749 0.02 0.22 
16.39913749 0.07 0.21 
16.39913749 0.07 0.20 
16.39913749 0.02 0.19 
16.37440109 0.02 0.18 
16.39913749 0.07 0.18 
16.37440109 0.12 0.18 
16.34966659 0.07 0.17 
16.39913749 0.07 0.17 
16.39913749 0.02 0.16 
16.37440109 0.02 0.15 
16.37440109 0.02 0.15 
16.34966659 0.07 0.14 
16.37440109 0.07 0.14 
16.39913749 0.02 0.13 
16.37440109 0.02 0.13 
16.39913749 0.02 0.12 
16.39913749 0.02 0.12 
16.37440109 0.02 0.11 
16.39913749 0.07 0.11 
16.37440109 0.02 0.11 
16.37440109 0.02 0.10 
16.37440109 0.02 0.10 
16.39913749 0.02 0.09 
16.37440109 0.02 0.09 
16.37440109 0.12 0.09 
16.39913749 0.02 0.09 
16.37440109 0.07 0.09 
16.39913749 0.02 0.09 
16.37440109 0.02 0.08 
16.37440109 0.07 0.08 
16.39913749 0.07 0.08 
16.39913749 0.02 0.08 
16.37440109 0.12 0.08 
16.37440109 0.07 0.08 
16.39913749 0.02 0.08 
16.39913749 0.02 0.07 
16.39913749 0.07 0.07 
16.39913749 0.02 0.07 
16.37440109 0.07 0.07 
16.37440109 0.07 0.07 
16.37440109 0.02 0.07 
16.39913749 0.07 0.07 
16.39913749 0.02 0.07 
16.39913749 0.07 0.07 
16.39913749 0.12 0.07 
16.39913749 0.02 0.07 
16.39913749 0.12 0.07 
16.39913749 0.02 0.07 
16.39913749 0.07 0.07 
16.39913749 0.17 0.07 
16.39913749 0.12 0.08 
16.39913749 0.07 0.08 
16.39913749 0.02 0.07 
16.39913749 0.07 0.07 
16.39913749 0.02 0.07 
16.37440109 0.12 0.07 
16.34966659 0.07 0.07 
16.39913749 0.02 0.07 
16.39913749 0.07 0.07 
16.37440109 0.12 0.07 
16.34966659 0.07 0.07 
16.37440109 0.07 0.07 
16.39913749 0.07 0.07 
16.39913749 0.07 0.07 
16.37440109 0.12 0.08 
16.34966659 0.02 0.07 
16.37440109 0.02 0.07 
16.37440109 0.07 0.07 
16.37440109 0.12 0.07 
16.34966659 0.07 0.07 
16.39913749 0.07 0.07 
16.37440109 0.07 0.07 
16.39913749 0.07 0.07 
16.37440109 0.12 0.08 
16.34966659 0.07 0.08 
16.37440109 0.12 0.08 
16.37440109 0.02 0.08 
16.37440109 0.07 0.08 
16.34966659 0.07 0.08 
16.39913749 0.12 0.08 
16.39913749 0.07 0.08 
16.39913749 0.02 0.07 
16.37440109 0.02 0.07 
16.37440109 0.12 0.07 
16.39913749 0.02 0.07 
16.37440109 0.12 0.07 
16.34966659 0.12 0.08 
16.34966659 0.07 0.08 
16.39913749 0.12 0.08 
16.39913749 0.12 0.08 
16.39913749 0.12 0.08 
16.39913749 0.02 0.08 
16.39913749 0.02 0.08 
16.37440109 0.07 0.08 
16.37440109 0.12 0.08 
16.37440109 0.07 0.08 
16.37440109 0.02 0.08 
16.39913749 0.07 0.08 
16.39913749 0.12 0.08 
16.39913749 0.02 0.08 
16.37440109 0.12 0.08 
16.39913749 0.07 0.08 
16.39913749 0.12 0.08 
16.39913749 0.07 0.08 
16.39913749 0.17 0.08 
16.39913749 0.12 0.09 
16.39913749 0.07 0.09 
16.39913749 0.12 0.09 
16.39913749 0.12 0.09 
16.37440109 0.07 0.09 
16.39913749 0.07 0.09 
16.39913749 0.07 0.09 
16.39913749 0.17 0.09 
16.39913749 0.07 0.09 
16.37440109 0.17 0.09 
16.39913749 0.07 0.09 
16.39913749 0.02 0.09 
16.39913749 0.12 0.09 
16.37440109 0.17 0.10 
16.39913749 0.07 0.09 
16.37440109 0.07 0.09 
16.39913749 0.02 0.09 
16.39913749 0.07 0.09 
16.37440109 0.07 0.09 
16.39913749 0.07 0.09 
16.39913749 0.02 0.08 
16.39913749 0.07 0.08 
16.39913749 0.07 0.08 
16.34966659 0.07 0.08 
16.37440109 0.12 0.08 
16.37440109 0.07 0.08 
16.37440109 0.07 0.08 
16.37440109 0.07 0.08 
16.39913749 0.12 0.09 
16.37440109 0.17 0.09 
16.39913749 0.02 0.09 
16.37440109 0.12 0.09 
16.37440109 0.07 0.09 
16.37440109 0.12 0.09 
16.37440109 0.12 0.09 
16.37440109 0.12 0.09 
16.39913749 0.12 0.09 
16.39913749 0.07 0.09 
16.39913749 0.12 0.09 
16.39913749 0.07 0.09 
16.39913749 0.07 0.09 
16.37440109 0.07 0.09 
16.37440109 0.12 0.09 
16.39913749 0.12 0.09 
16.39913749 0.07 0.09 
16.39913749 0.07 0.09 
16.37440109 0.17 0.10 
16.39913749 0.02 0.09 
16.37440109 0.17 0.10 
