 1.87984066 9 
 2.12718796 9 
 2.37453556 10 
 2.59714818 10 
 2.81976108 10 
 3.04237365 10 
 3.26498627 10 
 3.48759913 10 
 3.68547725 10 
 3.93282461 10 
 4.13070249 10 
 4.35331535 11 
 4.55119323 10 
 4.74907112 10 
 4.97168397 10 
 5.19429636 10 
 5.39217472 10 
 5.61478710 11 
 5.81266498 9 
 6.01054334 9 
 6.23315572 10 
 6.43103408 10 
 6.65364646 10 
 6.85152482 10 
 7.04940223 10 
 7.24728012 10 
 7.46989297 11 
 7.66777086 10 
 7.86564922 10 
 8.06352710 10 
 8.26140499 10 
 8.48401737 10 
 8.68189620 10 
 8.87977409 10 
 9.10238647 10 
 9.27552890 11 
 9.47340679 11 
 9.67128562 10 
 9.86916351 10 
 10.06704139 10 
 10.28965377 10 
 10.46279716 10 
 10.66067600 10 
 10.85855293 10 
 11.05643081 11 
 11.25430870 9 
 11.45218658 10 
 11.65006542 10 
 11.82320880 10 
 12.04582118 10 
 12.21896362 10 
 12.41684150 10 
 12.58998489 10 
 12.78786373 10 
 12.98574161 10 
 13.18361949 10 
 13.35676193 10 
 13.55463981 11 
 13.75251865 10 
 13.92566204 10 
 14.12353992 10 
 14.29668235 10 
 14.49456024 10 
 14.66770362 10 
 14.86558246 10 
 15.06346035 10 
 15.23660278 10 
 15.43448066 10 
 15.60762405 10 
 15.78076744 10 
 15.97864532 10 
 16.15178871 10 
 16.32493209 10 
 16.52280998 10 
 16.69595336 11 
 16.86909484 11 
 17.06697273 9 
 17.24011802 10 
 17.41326141 10 
 17.58640289 10 
 17.75954818 10 
 17.93268966 9 
 18.10583305 10 
 18.25424194 10 
 18.42738533 9 
 18.60052871 9 
 18.72420310 9 
 18.89734458 9 
 19.04575347 9 
 19.16942787 9 
 19.29310226 9 
 19.44151115 9 
 19.56518363 9 
 19.66412162 8 
 19.78779602 8 
 19.88673591 7 
 19.98567390 7 
 20.08461380 7 
 20.15881729 6 
 20.23302078 6 
 20.30722618 6 
 20.35669708 6 
 20.43089866 5 
 20.48036956 5 
 20.52983856 5 
 20.60404396 5 
 20.62877655 5 
 20.67824745 4 
 20.70298194 5 
 20.72771644 4 
 20.77718544 4 
 20.80192184 4 
 20.82665443 4 
 20.85139083 3 
 20.87612342 3 
 20.90085983 3 
 20.90085983 3 
 20.92559432 3 
 20.92559432 3 
 20.95032882 3 
 20.95032882 3 
 20.97506332 3 
 20.97506332 3 
 20.99979972 2 
 20.99979972 2 
 20.99979972 2 
 20.99979972 3 
 21.02453231 3 
 21.02453231 2 
 21.02453231 2 
 21.02453231 2 
 21.04926872 2 
 21.02453231 2 
 21.02453231 1 
 21.02453231 2 
 21.04926872 2 
 21.04926872 2 
 21.04926872 2 
 21.04926872 1 
 21.04926872 2 
 21.04926872 2 
 21.04926872 2 
 21.07400131 2 
 21.04926872 2 
 21.04926872 2 
 21.04926872 2 
 21.04926872 2 
 21.07400131 2 
 21.04926872 3 
 21.07400131 2 
 21.04926872 2 
 21.04926872 2 
 21.04926872 2 
 21.07400131 2 
 21.07400131 2 
 21.07400131 2 
 21.07400131 2 
 21.07400131 2 
 21.07400131 2 
 21.07400131 2 
 21.07400131 2 
 21.07400131 2 
 21.07400131 2 
 21.07400131 2 
 21.07400131 2 
 21.07400131 2 
 21.07400131 3 
 21.07400131 2 
 21.07400131 2 
 21.07400131 2 
 21.07400131 2 
 21.07400131 2 
 21.09873771 1 
 21.07400131 2 
 21.09873771 2 
 21.09873771 2 
 21.07400131 2 
 21.09873771 1 
 21.09873771 1 
 21.09873771 2 
 21.09873771 2 
 21.09873771 2 
 21.09873771 2 
 21.12347221 2 
 21.12347221 2 
 21.09873771 2 
 21.12347221 2 
 21.12347221 1 
 21.12347221 2 
 21.12347221 2 
 21.12347221 2 
 21.12347221 2 
 21.12347221 2 
 21.12347221 2 
 21.12347221 2 
 21.12347221 1 
 21.12347221 2 
 21.14820671 2