 2.39927005 60 
 2.79502630 60 
 3.19078230 60 
 3.58653807 60 
 3.98229408 60 
 4.37804985 60 
 4.74907112 60 
 5.14482688 60 
 5.51584815 60 
 5.91160440 60 
 6.28262519 60 
 6.65364646 60 
 7.02466773 60 
 7.39568901 60 
 7.76670980 59 
 8.13773155 60 
 8.50875186 60 
 8.85503864 60 
 9.22605991 60 
 9.59708023 60 
 9.94336795 60 
 10.28965377 60 
 10.68541049 60 
 11.03169631 60 
 11.37798213 60 
 11.72426986 60 
 12.07055568 60 
 12.41684150 59 
 12.76312923 59 
 13.10941505 59 
 13.45570087 59 
 13.80198860 60 
 14.14827442 59 
 14.46982574 60 
 14.81611251 59 
 15.13766384 59 
 15.48395061 59 
 15.80550289 59 
 16.15178871 59 
 16.47334098 59 
 16.79489326 59 
 17.11644363 59 
 17.43799591 59 
 17.73481178 59 
 18.05636405 59 
 18.35317993 59 
 18.64999771 59 
 18.92208099 59 
 19.19416046 59 
 19.46624374 59 
 19.71359062 59 
 19.98567390 59 
 20.23302078 58 
 20.45563507 59 
 20.70298194 58 
 20.90085983 58 
 21.12347221 58 
 21.32135200 57 
 21.54396247 57 
 21.74184036 56 
 21.91498374 56 
 22.06339263 55 
 22.23653411 55 
 22.40967941 55 
 22.55808830 54 
 22.70649528 54 
 22.85490417 53 
 23.00331306 52 
 23.12698745 52 
 23.25065994 51 
 23.37433433 50 
 23.47327232 49 
 23.59694671 48 
 23.67115020 47 
 23.77009010 46 
 23.86902809 45 
 23.96796798 45 
 24.04217338 44 
 24.09164237 43 
 24.16584587 42 
 24.24005126 41 
 24.28952026 40 
 24.36372566 40 
 24.41319465 39 
 24.43792724 38 
 24.51213264 38 
 24.53686714 37 
 24.58633613 36 
 24.61107254 36 
 24.66054153 35 
 24.68527603 35 
 24.71001052 34 
 24.73474502 34 
 24.78421401 33 
 24.80895042 32 
 24.83368301 32 
 24.85841941 32 
 24.88315391 31 
 24.88315391 30 
 24.90788841 30 
 24.93262290 30 
 24.95735740 29 
 24.95735740 29 
 24.98209190 29 
 25.00682830 28 
 25.03156089 28 
 25.03156089 27 
 25.05629730 27 
 25.05629730 27 
 25.08103179 26 
 25.10576629 26 
 25.10576629 26 
 25.13050079 26 
 25.13050079 25 
 25.15523529 25 
 25.15523529 25 
 25.17996978 24 
 25.17996978 24 
 25.20470619 24 
 25.20470619 23 
 25.22943878 23 
 25.22943878 23 
 25.22943878 23 
 25.25417518 22 
 25.25417518 22 
 25.25417518 22 
 25.27890777 22 
 25.27890777 22 
 25.27890777 21 
 25.30364418 21 
 25.30364418 21 
 25.30364418 21 
 25.30364418 20 
 25.30364418 20 
 25.30364418 21 
 25.30364418 20 
 25.30364418 20 
 25.30364418 20 
 25.30364418 19 
 25.30364418 20 
 25.30364418 19 
 25.30364418 19 
 25.30364418 19 
 25.30364418 19 
 25.30364418 19 
 25.30364418 18 
 25.30364418 18 
 25.30364418 18 
 25.30364418 18 
 25.30364418 18 
 25.30364418 18 
 25.30364418 18 
 25.30364418 18 
 25.30364418 17 
 25.30364418 18 
 25.30364418 18 
 25.30364418 17 
 25.30364418 17 
 25.30364418 17 
 25.30364418 17 
 25.30364418 17 
 25.30364418 17 
 25.30364418 17 
 25.30364418 16 
 25.30364418 16 
 25.30364418 16 
 25.30364418 16 
 25.30364418 16 
 25.30364418 16 
 25.30364418 16 
 25.30364418 16 
 25.30364418 16 
 25.30364418 16 
 25.30364418 16 
 25.30364418 16 
 25.30364418 16 
 25.30364418 15 
 25.30364418 16 
 25.30364418 15 
 25.30364418 16 
 25.30364418 15 
 25.30364418 15 
 25.30364418 15 
 25.30364418 15 
 25.30364418 16 
 25.30364418 15 
 25.30364418 15 
 25.30364418 15 
 25.30364418 15 
 25.30364418 15 
 25.30364418 15 
 25.30364418 15 
 25.30364418 15 
 25.30364418 15 
 25.30364418 15