
 0.61836862 65 
 3.85862016 65 
 5.59005260 67 
 7.27201509 68 
 8.90450859 68 
 10.53700065 68 
 12.16949462 68 
 13.75251865 68 
 15.36027622 68 
 16.94330024 68 
 18.52632522 68 
 20.10934638 68 
 21.66763687 68 
 23.22592544 68 
 24.75947952 68 
 25.30364418 68 
 25.30364418 68 
 25.30364418 68 
 25.30364418 68 
 25.30364418 68 
 25.30364418 68 
 25.30364418 68 
 25.30364418 68 
 25.30364418 68 
 25.30364418 68 
 25.30364418 68 
 25.30364418 68 
 25.30364418 68 
 25.30364418 68 
 25.30364418 68 
 25.30364418 68 
 25.30364418 68 
 25.30364418 68 
 25.30364418 68 
 25.30364418 68 
 25.30364418 68 
 25.30364418 68 
 25.30364418 68 
 25.30364418 68 
 25.30364418 68 
 25.30364418 68 
 25.30364418 68 
 25.30364418 68 
 25.30364418 68 
 25.30364418 68 
 25.30364418 67 
 25.30364418 67 
 25.30364418 68 
 25.30364418 67 
 25.30364418 67 
 25.30364418 67 
 25.30364418 67 
 25.30364418 66 
 25.30364418 66 
 25.30364418 64 
 25.30364418 64 
 25.30364418 63 
 25.30364418 62 
 25.30364418 61 
 25.30364418 60 
 25.30364418 59 
 25.30364418 57 
 25.30364418 56 
 25.30364418 55 
 25.30364418 53 
 25.30364418 52 
 25.30364418 50 
 25.30364418 48 
 25.30364418 47 
 25.30364418 46 
 25.30364418 44 
 25.30364418 43 
 25.30364418 42 
 25.30364418 40 
 25.30364418 39 
 25.30364418 38 
 25.30364418 37 
 25.30364418 36 
 25.30364418 35 
 25.30364418 34 
 25.30364418 34 
 25.30364418 33 
 25.30364418 31 
 25.30364418 31 
 25.30364418 31 
 25.30364418 30 
 25.30364418 30 
 25.30364418 29 
 25.30364418 28 
 25.30364418 28 
 25.30364418 28 
 25.30364418 27 
 25.30364418 27 
 25.30364418 27 
 25.30364418 26 
 25.30364418 26 
 25.30364418 26 
 25.30364418 26 
 25.30364418 25 
 25.30364418 25 
 25.30364418 25 
 25.30364418 24 
 25.30364418 24 
 25.30364418 24 
 25.30364418 24 
 25.30364418 23 
 25.30364418 23 
 25.30364418 23 
 25.30364418 23 
 25.30364418 22 
 25.30364418 22 
 25.30364418 22 
 25.30364418 22 
 25.30364418 22 
 25.30364418 22 
 25.30364418 21 
 25.30364418 21 
 25.30364418 20 
 25.30364418 21 
 25.30364418 20 
 25.30364418 20 
 25.30364418 20 
 25.30364418 20 
 25.30364418 19 
 25.30364418 20 
 25.30364418 19 
 25.30364418 19 
 25.30364418 19 
 25.30364418 19 
 25.30364418 18 
 25.30364418 18 
 25.30364418 18 
 25.30364418 18 
 25.30364418 18 
 25.30364418 18 
 25.30364418 18 
 25.30364418 18 
 25.30364418 17 
 25.30364418 17 
 25.30364418 17 
 25.30364418 17 
 25.30364418 17 
 25.30364418 17 
 25.30364418 16 
 25.30364418 16 
 25.30364418 16 
 25.30364418 16 
 25.30364418 16 
 25.30364418 16 
 25.30364418 15 
 25.30364418 16 
 25.30364418 15 
 25.30364418 15 
 25.30364418 16 
 25.30364418 16 
 25.30364418 15 
 25.30364418 15 
 25.30364418 15 
 25.30364418 15 
 25.30364418 15 
 25.30364418 15 
 25.30364418 15 
 25.30364418 14 
 25.30364418 15 
 25.30364418 15 
 25.30364418 14 
 25.30364418 15 
 25.30364418 14 
 25.30364418 14 
 25.30364418 14 
 25.30364418 14 
 25.30364418 14 
 25.30364418 14 
 25.30364418 14 
 25.30364418 14 
 25.30364418 14 
 25.30364418 14 
 25.30364418 14 
 25.30364418 14 
 25.30364418 14 
 25.30364418 14 
 25.30364418 14 
 25.30364418 14 
 25.30364418 13 
 25.30364418 13 
 25.30364418 14 
 25.30364418 13 
 25.30364418 13 
 25.30364418 13 
 25.30364418 13 
 25.30364418 13 
 25.30364418 13 
 25.30364418 13 
 25.30364418 13 
 25.30364418 13 
 25.30364418 13 
 25.30364418 13 
 25.30364418 13