2.21623325 998 63 610 
3.60137891 999 63 610 
4.86779785 998 63 610 
6.05506563 997 63 610 
7.20275783 994 63 610 
8.35044956 994 63 610 
9.53771781 995 63 610 
10.68541049 995 63 610 
11.79352664 995 63 610 
12.94121932 996 63 610 
14.00975990 996 63 610 
15.11787605 997 63 610 
16.18641662 997 63 610 
17.21538352 996 63 610 
18.24434852 996 63 610 
19.23373794 995 63 610 
20.10440063 995 63 610 
20.93548774 994 63 610 
21.68742561 994 63 610 
22.39978599 994 63 610 
23.03299331 993 63 610 
23.66620445 992 63 610 
24.25983810 990 63 610 
24.85347175 987 63 610 
25.40753173 982 63 610 
25.96158981 975 63 610 
26.47607040 967 63 610 
26.95097732 956 63 610 
27.42588615 943 63 610 
27.90079307 927 63 610 
28.33612442 908 63 610 
28.73188018 887 63 610 
29.16721153 864 63 610 
29.52339363 839 63 610 
29.87957191 812 63 610 
30.23575210 784 63 610 
30.51278114 756 63 610 
30.82938575 726 63 610 
31.10641479 697 63 610 
31.34386825 668 63 610 
31.58132362 639 63 610 
31.81877708 611 63 610 
32.01665496 583 63 610 
32.21453094 557 63 610 
32.37283325 533 63 610 
32.57071304 507 63 610 
32.72901535 483 63 610 
32.88731765 459 63 610 
33.00604248 437 63 610 
33.12477111 415 63 610 
33.28307342 394 63 610 
33.36222457 375 63 610 
33.52052688 357 63 610 
33.59967803 339 63 610 
33.67882919 323 63 610 
33.79755401 307 63 610 
33.87670516 292 63 610 
33.95585632 279 63 610 
34.03500747 266 63 610 
34.07458496 254 63 610 
34.15373611 242 63 610 
34.19330978 231 63 610 
34.27246093 221 63 610 
34.31203842 212 63 610 
34.35161209 203 63 610 
34.39118957 194 63 610 
34.47034454 186 63 610 
34.47034454 179 63 610 
34.50991821 172 63 610 
34.54949569 165 63 610 
34.58906936 159 63 610 
34.62864685 153 63 610 
34.66822052 148 63 610 
34.66822052 143 63 610 
34.70779800 138 63 610 
34.70779800 134 63 610 
34.74737167 129 63 610 
34.74737167 125 63 610 
34.78694534 121 63 610 
34.78694534 118 63 610 
34.82652282 114 63 610 
34.82652282 111 63 610 
34.86609649 108 63 610 
34.86609649 106 63 610 
34.86609649 103 63 610 
34.90567398 100 63 610 
34.90567398 98 63 610 
34.90567398 96 63 610 
34.94524765 94 63 610 
34.94524765 92 63 610 
34.94524765 90 63 610 
34.94524765 88 63 610 
34.94524765 86 63 610 
34.98482513 85 63 610 
34.98482513 83 63 610 
34.98482513 82 63 610 
34.98482513 80 63 610 
35.02439880 79 63 610 
35.02439880 78 63 610 
35.02439880 76 63 610 
35.02439880 76 63 610 
35.02439880 75 63 610 
35.02439880 74 63 610 
35.02439880 73 63 610 
35.02439880 72 63 610 
35.02439880 71 63 610 
35.06397628 70 63 610 
35.02439880 69 63 610 
35.06397628 69 63 610 
35.06397628 68 63 610 
35.06397628 68 63 610 
35.06397628 67 63 610 
35.06397628 67 63 610 
35.06397628 66 63 610 
35.06397628 65 63 610 
35.06397628 65 63 610 
35.06397628 64 63 610 
35.06397628 64 63 610 
35.06397628 63 63 610 
35.06397628 63 63 610 
35.10354995 63 63 610 
35.06397628 62 63 610 
35.06397628 62 63 610 
35.10354995 61 63 610 
35.10354995 61 63 610 
35.10354995 61 63 610 
35.10354995 61 63 610 
35.10354995 60 63 610 
35.10354995 60 63 610 
35.10354995 60 63 610 
35.10354995 60 63 610 
35.10354995 59 63 610 
35.10354995 59 63 610 
35.10354995 59 63 610 
35.10354995 59 63 610 
35.10354995 58 63 610 
35.10354995 58 63 610 
35.10354995 58 63 610 
35.10354995 58 63 610 
35.10354995 58 63 610 
35.10354995 57 63 610 
35.10354995 57 63 610 
35.10354995 57 63 610 
35.10354995 56 63 610 
35.10354995 56 63 610 
35.10354995 56 63 610 
35.10354995 56 63 610 
35.10354995 56 63 610 
35.10354995 56 63 610 
35.14312744 55 63 610 
35.10354995 56 63 610 
35.10354995 55 63 610 
35.10354995 55 63 610 
35.10354995 55 63 610 
35.10354995 55 63 610 
35.10354995 55 63 610 
35.10354995 55 63 610 
35.10354995 54 63 610 
35.10354995 55 63 610 
35.14312744 54 63 610 
35.10354995 54 63 610 
35.14312744 53 63 610 
35.10354995 54 63 610 
35.14312744 54 63 610 
35.10354995 54 63 610 
35.10354995 53 63 610 
35.10354995 53 63 610 
35.14312744 53 63 610 
35.14312744 53 63 610 
35.14312744 53 63 610 
35.14312744 53 63 610 
35.10354995 53 63 610 
35.10354995 52 63 610 
35.14312744 53 63 610 
35.14312744 53 63 610 
35.14312744 52 63 610 
35.14312744 52 63 610 
35.14312744 52 63 610 
35.14312744 51 63 610 
35.14312744 52 63 610 
35.14312744 51 63 610 
35.14312744 51 63 610 
35.14312744 51 63 610 
35.14312744 51 63 610 
35.14312744 51 63 610 
35.14312744 51 63 610 
35.14312744 51 63 610 
35.14312744 51 63 610 
35.14312744 50 63 610 
35.14312744 50 63 610 
35.14312744 50 63 610 
35.14312744 50 63 610 
35.14312744 50 63 610