2.33495998 1023 58 725 
3.87840795 1023 58 725 
5.30312919 1023 58 725 
6.68827486 1023 58 725 
8.07342052 1023 58 725 
9.41899108 1023 58 725 
10.76456165 1023 58 725 
12.07055568 1023 58 725 
13.33697414 1023 58 725 
14.64296913 1023 58 725 
15.86981296 1023 58 725 
16.97792816 1023 58 725 
18.08604621 1023 58 725 
19.03586006 1023 58 725 
19.90652275 1023 58 725 
20.73760986 1023 58 725 
21.48954772 1023 58 725 
22.20190811 1023 58 725 
22.87469100 1023 58 725 
23.54747772 1023 58 725 
24.18068695 1023 58 725 
24.81389617 1023 58 725 
25.40753173 1023 58 725 
26.00116539 1023 58 725 
26.55522155 1023 58 725 
27.06970405 1023 58 725 
27.62376403 1023 58 725 
28.05909538 1018 58 725 
28.53400230 989 58 725 
28.96933364 958 58 725 
29.40466690 925 58 725 
29.76084518 891 58 725 
30.11702537 855 58 725 
30.43362998 819 58 725 
30.75023460 783 58 725 
31.02726364 748 58 725 
31.30429267 713 58 725 
31.58132362 680 58 725 
31.77920150 647 58 725 
32.01665496 615 58 725 
32.21453094 584 58 725 
32.41241073 554 58 725 
32.57071304 526 58 725 
32.72901535 499 58 725 
32.92689132 473 58 725 
33.04561996 449 58 725 
33.16434478 426 58 725 
33.32264709 404 58 725 
33.44137573 384 58 725 
33.52052688 364 58 725 
33.63925170 346 58 725 
33.71840286 329 58 725 
33.79755401 313 58 725 
33.91628265 297 58 725 
33.95585632 283 58 725 
34.03500747 270 58 725 
34.07458496 257 58 725 
34.15373611 245 58 725 
34.23288726 235 58 725 
34.27246093 224 58 725 
34.35161209 214 58 725 
34.39118957 206 58 725 
34.43076705 197 58 725 
34.47034454 189 58 725 
34.50991821 182 58 725 
34.54949569 174 58 725 
34.54949569 168 58 725 
34.62864685 161 58 725 
34.62864685 156 58 725 
34.66822052 150 58 725 
34.66822052 145 58 725 
34.70779800 141 58 725 
34.74737167 136 58 725 
34.74737167 132 58 725 
34.78694534 128 58 725 
34.78694534 124 58 725 
34.78694534 121 58 725 
34.82652282 117 58 725 
34.82652282 115 58 725 
34.86609649 112 58 725 
34.86609649 109 58 725 
34.86609649 106 58 725 
34.90567398 104 58 725 
34.90567398 102 58 725 
34.90567398 100 58 725 
34.90567398 97 58 725 
34.94524765 96 58 725 
34.94524765 94 58 725 
34.94524765 92 58 725 
34.94524765 91 58 725 
34.94524765 90 58 725 
34.98482513 88 58 725 
34.98482513 87 58 725 
34.98482513 86 58 725 
34.98482513 84 58 725 
35.02439880 84 58 725 
35.02439880 82 58 725 
35.02439880 81 58 725 
35.02439880 80 58 725 
35.02439880 79 58 725 
35.02439880 79 58 725 
35.02439880 78 58 725 
35.02439880 77 58 725 
35.02439880 77 58 725 
35.02439880 76 58 725 
35.02439880 75 58 725 
35.06397628 74 58 725 
35.02439880 74 58 725 
35.06397628 73 58 725 
35.02439880 73 58 725 
35.06397628 72 58 725 
35.02439880 72 58 725 
35.06397628 71 58 725 
35.06397628 70 58 725 
35.06397628 70 58 725 
35.06397628 70 58 725 
35.06397628 69 58 725 
35.06397628 69 58 725 
35.06397628 68 58 725 
35.06397628 68 58 725 
35.10354995 68 58 725 
35.06397628 68 58 725 
35.06397628 67 58 725 
35.06397628 67 58 725 
35.06397628 66 58 725 
35.06397628 66 58 725 
35.06397628 66 58 725 
35.06397628 66 58 725 
35.10354995 65 58 725 
35.10354995 65 58 725 
35.10354995 65 58 725 
35.06397628 64 58 725 
35.10354995 64 58 725 
35.10354995 64 58 725 
35.06397628 63 58 725 
35.10354995 64 58 725 
35.10354995 63 58 725 
35.10354995 63 58 725 
35.10354995 63 58 725 
35.10354995 62 58 725 
35.10354995 62 58 725 
35.10354995 61 58 725 
35.10354995 61 58 725 
35.10354995 61 58 725 
35.10354995 61 58 725 
35.10354995 61 58 725 
35.10354995 61 58 725 
35.10354995 60 58 725 
35.10354995 60 58 725 
35.10354995 60 58 725 
35.10354995 59 58 725 
35.10354995 59 58 725 
35.10354995 59 58 725 
35.10354995 59 58 725 
35.10354995 59 58 725 
35.10354995 59 58 725 
35.10354995 58 58 725 
35.10354995 58 58 725 
35.10354995 58 58 725 
35.14312744 58 58 725 
35.10354995 57 58 725 
35.10354995 57 58 725 
35.10354995 57 58 725 
35.14312744 57 58 725 
35.14312744 57 58 725 
35.14312744 56 58 725 
35.10354995 56 58 725 
35.14312744 56 58 725 
35.14312744 56 58 725 
35.14312744 55 58 725 
35.14312744 55 58 725 
35.14312744 55 58 725 
35.14312744 55 58 725 
35.14312744 55 58 725 
35.14312744 55 58 725 
35.14312744 54 58 725 
35.14312744 55 58 725 
35.14312744 54 58 725 
35.14312744 54 58 725 
35.14312744 53 58 725 
35.14312744 53 58 725 
35.14312744 53 58 725 
35.14312744 53 58 725 
35.14312744 53 58 725 
35.14312744 53 58 725 
35.14312744 52 58 725 
35.14312744 52 58 725 
35.14312744 52 58 725 
35.14312744 52 58 725 
35.14312744 51 58 725 
35.14312744 52 58 725 
35.14312744 51 58 725 
35.14312744 51 58 725