0.44522542 0.12 0.01  
0.49469490 0.17 0.01  
0.54416441 0.37 0.03  
0.93992033 0.42 0.05  
1.28620672 0.37 0.07  
1.60775852 0.32 0.08  
1.92931003 0.37 0.09  
2.22612714 0.32 0.11  
2.57241344 0.42 0.12  
2.86923027 0.42 0.14  
3.19078230 0.37 0.15  
3.48759913 0.32 0.16  
3.80915069 0.37 0.17  
4.10596752 0.42 0.18  
4.40278482 0.42 0.19  
4.69960165 0.37 0.20  
4.99641847 0.42 0.21  
5.31797027 0.32 0.22  
5.61478710 0.37 0.22  
5.91160440 0.37 0.23  
6.20842075 0.37 0.24  
6.50523805 0.37 0.24  
6.80205488 0.32 0.25  
7.09887170 0.46 0.26  
7.39568901 0.42 0.27  
7.69250583 0.46 0.28  
7.96458816 0.37 0.28  
8.26140499 0.42 0.29  
8.55822181 0.42 0.29  
8.85503864 0.46 0.30  
9.12712097 0.42 0.31  
9.42393779 0.42 0.31  
9.72075557 0.37 0.32  
9.99283695 0.37 0.32  
10.28965377 0.37 0.32  
10.56173610 0.37 0.32  
10.85855293 0.32 0.32  
11.13063526 0.42 0.33  
11.40271759 0.32 0.33  
11.69953536 0.46 0.33  
11.97161674 0.37 0.34  
12.24369907 0.42 0.34  
12.51578044 0.37 0.34  
12.78786373 0.46 0.35  
13.05994510 0.37 0.35  
13.35676193 0.42 0.35  
13.60410976 0.37 0.35  
13.90092658 0.42 0.36  
14.17300891 0.37 0.36  
14.42035579 0.42 0.36  
14.69243907 0.37 0.36  
14.96452140 0.37 0.36  
15.23660278 0.32 0.36  
15.50868511 0.46 0.36  
15.75603294 0.32 0.36  
16.02811431 0.32 0.36  
16.30019760 0.37 0.36  
16.57227897 0.37 0.36  
16.81962585 0.32 0.36  
17.06697273 0.42 0.36  
17.31432342 0.42 0.36  
17.56167030 0.37 0.36  
17.80901718 0.37 0.36  
18.03162765 0.37 0.36  
18.27897834 0.37 0.36  
18.47685623 0.32 0.36  
18.67473411 0.32 0.36  
18.87261009 0.32 0.36  
19.02101898 0.22 0.35  
19.19416046 0.27 0.35  
19.34257125 0.17 0.34  
19.49098014 0.22 0.33  
19.58991813 0.22 0.33  
19.71359062 0.22 0.32  
19.81253051 0.17 0.31  
19.91146850 0.22 0.31  
20.01040840 0.12 0.30  
20.08461380 0.22 0.30  
20.15881729 0.12 0.29  
20.20828628 0.07 0.28  
20.28249168 0.12 0.27  
20.33196067 0.07 0.26  
20.38142967 0.12 0.25  
20.40616607 0.17 0.25  
20.43089866 0.07 0.24  
20.48036956 0.02 0.23  
20.52983856 0.12 0.22  
20.55457305 0.02 0.21  
20.57930755 0.02 0.20  
20.60404396 0.02 0.19  
20.62877655 0.02 0.19  
20.62877655 0.02 0.18  
20.65351295 0.07 0.17  
20.65351295 0.02 0.17  
20.67824745 0.02 0.16  
20.67824745 0.02 0.15  
20.70298194 0.02 0.15  
20.70298194 0.02 0.14  
20.72771644 0.02 0.13  
20.72771644 0.07 0.13  
20.72771644 0.07 0.13  
20.75245094 0.02 0.12  
20.72771644 0.02 0.12  
20.72771644 0.07 0.12  
20.72771644 0.02 0.11  
20.75245094 0.02 0.11  
20.75245094 0.02 0.10  
20.75245094 0.07 0.10  
20.75245094 0.02 0.10  
20.75245094 0.12 0.10  
20.77718544 0.02 0.09  
20.77718544 0.02 0.09  
20.75245094 0.07 0.09  
20.77718544 0.02 0.09  
20.77718544 0.02 0.08  
20.77718544 0.02 0.08  
20.77718544 0.02 0.08  
20.77718544 0.02 0.08  
20.77718544 0.02 0.07  
20.77718544 0.07 0.07  
20.77718544 0.02 0.07  
20.80192184 0.02 0.07  
20.80192184 0.02 0.07  
20.80192184 0.07 0.07  
20.80192184 0.02 0.06  
20.80192184 0.02 0.06  
20.82665443 0.07 0.06  
20.82665443 0.07 0.06  
20.82665443 0.02 0.06  
20.82665443 0.02 0.06  
20.82665443 0.02 0.06  
20.82665443 0.07 0.06  
20.85139083 0.02 0.06  
20.82665443 0.02 0.06  
20.82665443 0.02 0.05  
20.85139083 0.07 0.05  
20.85139083 0.07 0.06  
20.85139083 0.02 0.05  
20.85139083 0.02 0.05  
20.85139083 0.02 0.05  
20.85139083 0.02 0.05  
20.87612342 0.07 0.05  
20.87612342 0.02 0.05  
20.87612342 0.02 0.05  
20.87612342 0.02 0.05  
20.87612342 0.07 0.05  
20.87612342 0.02 0.05  
20.90085983 0.07 0.05  
20.87612342 0.02 0.05  
20.87612342 0.02 0.05  
20.90085983 0.02 0.05  
20.90085983 0.02 0.04  
20.90085983 0.02 0.04  
20.90085983 0.07 0.04  
20.92559432 0.07 0.05  
20.90085983 0.12 0.05  
20.92559432 0.02 0.05  
20.90085983 0.02 0.05  
20.92559432 0.07 0.05  
20.92559432 0.07 0.05  
20.92559432 0.07 0.05  
20.92559432 0.07 0.05  
20.92559432 0.02 0.05  
20.92559432 0.07 0.05  
20.92559432 0.02 0.05  
20.92559432 0.07 0.05  
20.92559432 0.02 0.05  
20.92559432 0.02 0.05  
20.95032882 0.07 0.05  
20.95032882 0.02 0.05  
20.95032882 0.12 0.05  
20.95032882 0.12 0.06
20.95032882 0.02 0.05  
20.95032882 0.02 0.05  
20.97506332 0.07 0.05  
20.95032882 0.02 0.05  
20.95032882 0.02 0.05  
20.95032882 0.12 0.05  
20.95032882 0.07 0.06  
20.95032882 0.02 0.05  
20.95032882 0.12 0.06  
20.97506332 0.07 0.06  
20.97506332 0.17 0.06  
20.97506332 0.17 0.07  
20.97506332 0.12 0.07  
20.97506332 0.02 0.07  
20.97506332 0.12 0.07  
20.97506332 0.02 0.07  
20.97506332 0.07 0.07  
20.97506332 0.17 0.08  
20.97506332 0.07 0.07  
20.97506332 0.02 0.07  
20.99979972 0.07 0.07  
20.97506332 0.02 0.07  
20.97506332 0.07 0.07  
20.99979972 0.07 0.07  
20.99979972 0.07 0.07  
20.99979972 0.07 0.07  
20.99979972 0.12 0.07  
20.97506332 0.02 0.07