2.18928241 1023 79 756 
27.14885520 1023 79 756 
32.61028671 555 79 756 
34.31203842 261 79 756 
34.90567398 138 79 756 
35.14312744 86 79 756 
35.30142974 61 79 756 
35.34100341 48 79 756 
35.38058090 41 79 756 
35.42015457 35 79 756 
35.42015457 32 79 756 
35.42015457 30 79 756 
35.42015457 28 79 756 
35.42015457 27 79 756 
35.42015457 26 79 756 
35.42015457 24 79 756 
35.42015457 24 79 756 
35.45973205 24 79 756 
35.45973205 23 79 756 
35.45973205 23 79 756 
35.45973205 23 79 756 
35.45973205 22 79 756 
35.45973205 22 79 756 
35.45973205 22 79 756 
35.45973205 22 79 756 
35.45973205 22 79 756 
35.45973205 21 79 756 
35.45973205 21 79 756 
35.49930572 21 79 756 
35.45973205 21 79 756 
35.45973205 21 79 756 
35.45973205 21 79 756 
35.45973205 21 79 756 
35.45973205 21 79 756 
35.45973205 21 79 756 
35.45973205 20 79 756 
35.45973205 20 79 756 
35.49930572 20 79 756 
35.45973205 20 79 756 
35.49930572 19 79 756 
35.49930572 19 79 756 
35.49930572 19 79 756 
35.45973205 19 79 756 
35.49930572 19 79 756 
35.45973205 19 79 756 
35.45973205 19 79 756 
35.49930572 19 79 756 
35.49930572 18 79 756 
35.45973205 18 79 756 
35.45973205 18 79 756 
35.49930572 18 79 756 
35.49930572 18 79 756 
35.49930572 18 79 756 
35.49930572 18 79 756 
35.49930572 18 79 756 
35.49930572 18 79 756 
35.49930572 17 79 756 
35.49930572 17 79 756 
35.49930572 17 79 756 
35.49930572 17 79 756 
35.49930572 17 79 756 
35.49930572 17 79 756 
35.49930572 17 79 756 
35.49930572 17 79 756 
35.49930572 16 79 756 
35.49930572 17 79 756 
35.49930572 16 79 756 
35.49930572 16 79 756 
35.49930572 16 79 756 
35.49930572 16 79 756 
35.49930572 16 79 756 
35.49930572 16 79 756 
35.49930572 16 79 756 
35.49930572 16 79 756 
35.49930572 16 79 756 
35.49930572 15 79 756 
35.49930572 16 79 756 
35.49930572 15 79 756 
35.49930572 15 79 756 
35.49930572 15 79 756 
35.49930572 15 79 756 
35.49930572 15 79 756 
35.49930572 15 79 756 
35.49930572 15 79 756 
35.49930572 15 79 756 
35.49930572 15 79 756 
35.49930572 15 79 756 
35.49930572 15 79 756 
35.49930572 15 79 756 
35.49930572 15 79 756 
35.49930572 15 79 756 
35.49930572 15 79 756 
35.49930572 15 79 756 
35.49930572 15 79 756 
35.49930572 15 79 756 
35.49930572 15 79 756 
35.49930572 15 79 756 
35.49930572 15 79 756 
35.49930572 15 79 756 
35.49930572 15 79 756 
35.49930572 14 79 756 
35.49930572 14 79 756 
35.49930572 14 79 756 
35.49930572 14 79 756 
35.49930572 14 79 756 
35.49930572 15 79 756 
35.49930572 15 79 756 
35.49930572 14 79 756 
35.49930572 14 79 756 
35.49930572 14 79 756 
35.49930572 14 79 756 
35.49930572 14 79 756 
35.49930572 14 79 756 
35.49930572 14 79 756 
35.49930572 14 79 756 
35.49930572 14 79 756 
35.49930572 14 79 756 
35.49930572 14 79 756 
35.49930572 14 79 756 
35.49930572 14 79 756 
35.49930572 14 79 756 
35.49930572 14 79 756 
35.49930572 14 79 756 
35.49930572 14 79 756 
35.49930572 14 79 756 
35.49930572 14 79 756 
35.49930572 14 79 756 
35.49930572 14 79 756 
35.49930572 14 79 756 
35.49930572 14 79 756 
35.49930572 14 79 756 
35.49930572 14 79 756 
35.49930572 13 79 756 
35.49930572 14 79 756 
35.49930572 14 79 756 
35.49930572 14 79 756 
35.49930572 14 79 756 
35.49930572 14 79 756 
35.49930572 13 79 756 
35.49930572 14 79 756 
35.49930572 13 79 756 
35.49930572 14 79 756 
35.49930572 14 79 756 
35.49930572 13 79 756 
35.49930572 14 79 756 
35.49930572 14 79 756 
35.49930572 14 79 756 
35.49930572 14 79 756 
35.49930572 14 79 756 
35.49930572 14 79 756 
35.53888320 13 79 756 
35.49930572 14 79 756 
35.49930572 14 79 756 
35.49930572 14 79 756 
35.49930572 14 79 756 
35.49930572 14 79 756 
35.49930572 14 79 756 
35.49930572 14 79 756 
35.49930572 14 79 756 
35.53888320 13 79 756 
35.49930572 13 79 756 
35.49930572 14 79 756 
35.49930572 14 79 756 
35.49930572 14 79 756 
35.49930572 14 79 756 
35.49930572 14 79 756 
35.49930572 14 79 756 
35.49930572 14 79 756 
35.49930572 14 79 756 
35.49930572 14 79 756 
35.49930572 14 79 756 
35.49930572 13 79 756 
35.49930572 14 79 756 
35.49930572 14 79 756 
35.49930572 14 79 756 
35.49930572 14 79 756 
35.49930572 14 79 756